1,49
1,65
1,81
1,97
1,113
1,129
1,145
1,161
1,177
1,193
1,209
1,225
1,241
1,257
1,273
1,289
1,305
1,321
1,337
1,353
1,369
1,385
1,401
1,417
1,433
1,449
1,465
1,481
1,497
1,513
1,529
1,545
1,561
1,577
1,593
1,609
1,625
1,641
1,657
1,673
1,689
1,705
1,737
17,49
17,81
17,97
17,113
17,129
17,145
17,161
17,177
17,193
17,209
17,225
17,241
17,257
17,273
17,289
17,305
17,321
17,337
17,353
17,369
17,385
17,401
17,417
17,433
17,449
17,465
17,481
17,497
17,513
17,529
17,545
17,561
17,577
17,593
17,609
17,625
17,641
17,657
17,673
17,689
17,721
17,737
33,49
33,65
33,81
33,97
33,113
33,129
33,145
33,161
33,177
33,193
33,209
33,225
33,241
33,257
33,273
33,289
33,305
33,321
33,337
33,353
33,369
33,385
33,401
33,417
33,433
33,449
33,465
33,481
33,497
33,513
33,529
33,545
33,561
33,577
33,593
33,609
33,625
33,641
33,657
33,673
33,689
33,705
33,721
33,737
49,49
49,65
49,81
49,97
49,113
49,129
49,145
49,161
49,177
49,193
49,209
49,225
49,241
49,257
49,273
49,289
49,305
49,321
49,337
49,353
49,369
49,385
49,401
49,417
49,433
49,449
49,465
49,481
49,497
49,513
49,529
49,545
49,561
49,577
49,593
49,609
49,625
49,641
49,657
49,673
49,689
49,705
49,721
49,737
49,753
49,769
65,49
65,65
65,81
65,97
65,113
65,129
65,145
65,161
65,177
65,193
65,209
65,225
65,241
65,257
65,273
65,289
65,305
65,321
65,337
65,353
65,369
65,385
65,401
65,417
65,433
65,449
65,513
65,529
65,545
65,561
65,577
65,593
65,609
65,625
65,641
65,657
65,673
65,689
65,705
65,721
65,737
65,769
81,49
81,65
81,81
81,97
81,113
81,129
81,145
81,161
81,177
81,193
81,209
81,225
81,241
81,257
81,273
81,289
81,305
81,321
81,337
81,353
81,369
81,385
81,401
81,417
81,433
81,529
81,545
81,561
81,577
81,593
81,609
81,625
81,641
81,657
81,673
81,689
81,705
81,721
81,769
97,33
97,49
97,65
97,81
97,97
97,113
97,129
97,145
97,161
97,177
97,193
97,209
97,225
97,241
97,257
97,273
97,289
97,305
97,321
97,337
97,353
97,369
97,385
97,401
97,417
97,433
97,465
97,481
97,513
97,529
97,545
97,561
97,577
97,593
97,609
97,625
97,641
97,657
97,673
97,689
97,705
113,33
113,49
113,65
113,81
113,97
113,113
113,129
113,145
113,161
113,177
113,193
113,209
113,225
113,241
113,257
113,273
113,289
113,305
113,321
113,337
113,353
113,369
113,385
113,401
113,417
113,433
113,449
113,465
113,481
113,529
113,593
113,609
113,625
113,641
113,657
113,673
113,689
113,705
129,17
129,33
129,49
129,65
129,81
129,97
129,113
129,129
129,145
129,161
129,177
129,193
129,209
129,225
129,241
129,257
129,273
129,289
129,305
129,321
129,337
129,353
129,369
129,385
129,401
129,417
129,433
129,449
129,465
129,481
129,513
129,529
129,577
129,593
129,641
129,657
129,673
129,689
145,17
145,33
145,49
145,65
145,81
145,97
145,113
145,129
145,145
145,161
145,177
145,193
145,209
145,225
145,241
145,257
145,273
145,289
145,305
145,321
145,337
145,353
145,369
145,385
145,401
145,417
145,433
145,449
145,465
145,481
145,513
145,529
145,545
145,577
145,593
145,609
145,625
145,641
145,657
145,673
145,689
145,705
161,17
161,33
161,49
161,65
161,81
161,97
161,113
161,129
161,145
161,161
161,177
161,193
161,209
161,225
161,241
161,257
161,273
161,289
161,305
161,321
161,337
161,353
161,369
161,385
161,401
161,417
161,433
161,449
161,465
161,481
161,513
161,529
161,545
161,561
161,609
161,625
161,641
161,657
161,673
177,17
177,33
177,49
177,65
177,81
177,97
177,113
177,129
177,145
177,161
177,177
177,193
177,209
177,225
177,241
177,257
177,273
177,289
177,305
177,321
177,337
177,353
177,369
177,385
177,401
177,417
177,433
177,449
177,465
177,481
177,513
177,529
177,545
177,577
177,593
177,609
177,625
177,641
177,657
177,673
193,17
193,33
193,49
193,65
193,81
193,97
193,113
193,129
193,145
193,161
193,177
193,193
193,209
193,225
193,241
193,257
193,273
193,289
193,305
193,321
193,337
193,353
193,369
193,385
193,401
193,417
193,433
193,449
193,465
193,481
193,497
193,513
193,529
193,545
193,561
193,577
193,593
193,609
193,625
193,641
193,657
193,673
209,17
209,33
209,49
209,65
209,81
209,97
209,113
209,129
209,145
209,161
209,177
209,193
209,209
209,225
209,241
209,257
209,273
209,289
209,305
209,321
209,337
209,353
209,369
209,385
209,401
209,417
209,433
209,449
209,465
209,481
209,497
209,513
209,529
209,545
209,561
209,577
209,593
209,609
209,625
209,641
209,657
225,33
225,49
225,65
225,81
225,97
225,113
225,129
225,145
225,161
225,177
225,193
225,209
225,225
225,241
225,257
225,273
225,289
225,305
225,321
225,337
225,353
225,369
225,385
225,401
225,417
225,433
225,449
225,465
225,481
225,497
225,513
225,529
225,545
225,561
225,577
225,593
225,609
225,625
225,641
241,33
241,49
241,65
241,81
241,97
241,113
241,129
241,145
241,161
241,177
241,193
241,209
241,225
241,241
241,257
241,273
241,289
241,305
241,321
241,337
241,353
241,369
241,385
241,401
241,417
241,433
241,449
241,465
241,481
241,497
241,513
241,529
241,545
241,561
241,577
241,593
241,609
241,625
241,641
241,657
257,33
257,49
257,65
257,81
257,97
257,113
257,129
257,145
257,161
257,177
257,193
257,209
257,225
257,241
257,257
257,273
257,289
257,305
257,321
257,337
257,353
257,369
257,385
257,401
257,417
257,433
257,449
257,465
257,481
257,497
257,513
257,529
257,545
257,561
257,577
257,593
257,609
257,625
257,641
257,657
273,49
273,65
273,81
273,97
273,113
273,129
273,145
273,161
273,177
273,193
273,209
273,225
273,241
273,257
273,273
273,289
273,305
273,321
273,337
273,353
273,369
273,385
273,401
273,417
273,433
273,449
273,465
273,481
273,497
273,513
273,529
273,545
273,561
273,577
273,593
273,609
273,625
273,641
273,657
289,65
289,81
289,97
289,113
289,129
289,145
289,161
289,177
289,193
289,209
289,225
289,241
289,257
289,273
289,289
289,305
289,321
289,337
289,353
289,369
289,385
289,401
289,417
289,433
289,449
289,465
289,481
289,497
289,513
289,529
289,545
289,561
289,577
289,593
289,609
289,625
289,641
305,81
305,97
305,113
305,129
305,145
305,161
305,177
305,193
305,209
305,225
305,241
305,257
305,273
305,289
305,305
305,321
305,337
305,353
305,369
305,385
305,401
305,417
305,433
305,449
305,465
305,481
305,497
305,513
305,529
305,545
305,561
305,577
305,593
305,609
305,625
321,81
321,97
321,113
321,129
321,145
321,161
321,177
321,193
321,209
321,225
321,241
321,257
321,273
321,289
321,305
321,321
321,337
321,353
321,369
321,385
321,401
321,417
321,433
321,449
321,465
321,481
321,497
321,513
321,529
321,545
321,561
321,577
321,593
321,609
321,625
337,81
337,97
337,113
337,129
337,145
337,161
337,177
337,193
337,209
337,225
337,241
337,257
337,273
337,289
337,305
337,321
337,337
337,353
337,369
337,385
337,401
337,417
337,433
337,449
337,465
337,481
337,497
337,513
337,529
337,545
337,561
337,577
337,593
337,609
353,129
353,145
353,161
353,177
353,193
353,209
353,225
353,241
353,257
353,273
353,289
353,305
353,321
353,337
353,353
353,369
353,385
353,401
353,417
353,433
353,449
353,465
353,481
353,497
353,513
353,529
353,545
353,561
353,577
353,593
369,65
369,81
369,145
369,161
369,177
369,193
369,209
369,225
369,241
369,257
369,273
369,289
369,305
369,321
369,337
369,353
369,369
369,385
369,401
369,417
369,433
369,449
369,465
369,481
369,497
369,513
369,529
369,545
369,561
369,577
369,593
385,65
385,81
385,97
385,113
385,129
385,145
385,161
385,177
385,193
385,209
385,225
385,241
385,257
385,273
385,289
385,305
385,321
385,337
385,353
385,369
385,385
385,401
385,417
385,433
385,449
385,465
385,481
385,513
385,545
385,561
385,577
385,593
401,65
401,81
401,97
401,113
401,129
401,145
401,161
401,177
401,193
401,209
401,225
401,241
401,257
401,273
401,289
401,305
401,321
401,337
401,353
401,369
401,385
401,401
401,417
401,433
401,449
401,465
401,593
401,609
417,49
417,65
417,81
417,97
417,113
417,129
417,145
417,161
417,257
417,273
417,289
417,305
417,321
417,337
417,353
417,369
417,385
417,593
417,609
417,625
433,49
433,65
433,81
433,97
433,113
433,129
433,145
433,161
433,273
433,289
433,305
433,321
433,337
433,353
433,609
433,625
449,65
449,129
449,145
449,161
449,289
449,305
449,321
449,337
449,353
449,625
465,145
465,161
465,257
465,289
465,305
465,321
465,337
465,353
481,161
481,177
481,289
481,305
481,321
481,337
481,353
49,785
65,785
