129,17
129,18
129,19
129,20
129,21
129,22
129,23
129,24
129,25
129,26
129,27
129,28
129,29
129,30
129,31
129,32
128,33
127,33
126,33
125,33
124,33
123,33
122,33
121,33
120,33
119,33
118,33
117,33
116,33
115,33
114,33
113,33
112,33
111,33
110,33
109,33
108,33
107,33
106,33
105,33
104,33
103,33
102,33
101,33
100,33
99,33
98,33
97,33
97,34
97,35
97,36
97,37
97,38
97,39
97,40
97,41
97,42
97,43
97,44
97,45
97,46
97,47
97,48
96,49
95,49
94,49
93,49
92,49
91,49
90,49
89,49
88,49
87,49
86,49
85,49
84,49
83,49
82,49
81,49
80,49
79,49
78,49
77,49
76,49
75,49
74,49
73,49
72,49
71,49
70,49
69,49
68,49
67,49
66,49
65,49
64,49
63,49
62,49
61,49
60,49
59,49
58,49
57,49
56,49
55,49
54,49
53,49
52,49
51,49
50,49
49,49
48,49
47,49
46,49
45,49
44,49
43,49
42,49
41,49
40,49
39,49
38,49
37,49
36,49
35,49
34,49
33,49
32,49
31,49
30,49
29,49
28,49
27,49
26,49
25,49
24,49
23,49
22,49
21,49
20,49
19,49
18,49
17,49
16,49
15,49
14,49
13,49
12,49
11,49
10,49
9,49
8,49
7,49
6,49
5,49
4,49
3,49
2,49
1,49
1,50
1,51
1,52
1,53
1,54
1,55
1,56
1,57
1,58
1,59
1,60
1,61
1,62
1,63
1,64
1,65
1,66
1,67
1,68
1,69
1,70
1,71
1,72
1,73
1,74
1,75
1,76
1,77
1,78
1,79
1,80
1,81
1,82
1,83
1,84
1,85
1,86
1,87
1,88
1,89
1,90
1,91
1,92
1,93
1,94
1,95
1,96
1,97
1,98
1,99
1,100
1,101
1,102
1,103
1,104
1,105
1,106
1,107
1,108
1,109
1,110
1,111
1,112
1,113
1,114
1,115
1,116
1,117
1,118
1,119
1,120
1,121
1,122
1,123
1,124
1,125
1,126
1,127
1,128
1,129
1,130
1,131
1,132
1,133
1,134
1,135
1,136
1,137
1,138
1,139
1,140
1,141
1,142
1,143
1,144
1,145
1,146
1,147
1,148
1,149
1,150
1,151
1,152
1,153
1,154
1,155
1,156
1,157
1,158
1,159
1,160
1,161
1,162
1,163
1,164
1,165
1,166
1,167
1,168
1,169
1,170
1,171
1,172
1,173
1,174
1,175
1,176
1,177
1,178
1,179
1,180
1,181
1,182
1,183
1,184
1,185
1,186
1,187
1,188
1,189
1,190
1,191
1,192
1,193
1,194
1,195
1,196
1,197
1,198
1,199
1,200
1,201
1,202
1,203
1,204
1,205
1,206
1,207
1,208
1,209
1,210
1,211
1,212
1,213
1,214
1,215
1,216
1,217
1,218
1,219
1,220
1,221
1,222
1,223
1,224
1,225
1,226
1,227
1,228
1,229
1,230
1,231
1,232
1,233
1,234
1,235
1,236
1,237
1,238
1,239
1,240
1,241
1,242
1,243
1,244
1,245
1,246
1,247
1,248
1,249
1,250
1,251
1,252
1,253
1,254
1,255
1,256
1,257
1,258
1,259
1,260
1,261
1,262
1,263
1,264
1,265
1,266
1,267
1,268
1,269
1,270
1,271
1,272
1,273
1,274
1,275
1,276
1,277
1,278
1,279
1,280
1,281
1,282
1,283
1,284
1,285
1,286
1,287
1,288
1,289
1,290
1,291
1,292
1,293
1,294
1,295
1,296
1,297
1,298
1,299
1,300
1,301
1,302
1,303
1,304
1,305
1,306
1,307
1,308
1,309
1,310
1,311
1,312
1,313
1,314
1,315
1,316
1,317
1,318
1,319
1,320
1,321
1,322
1,323
1,324
1,325
1,326
1,327
1,328
1,329
1,330
1,331
1,332
1,333
1,334
1,335
1,336
1,337
1,338
1,339
1,340
1,341
1,342
1,343
1,344
1,345
1,346
1,347
1,348
1,349
1,350
1,351
1,352
1,353
1,354
1,355
1,356
1,357
1,358
1,359
1,360
1,361
1,362
1,363
1,364
1,365
1,366
1,367
1,368
1,369
1,370
1,371
1,372
1,373
1,374
1,375
1,376
1,377
1,378
1,379
1,380
1,381
1,382
1,383
1,384
1,385
1,386
1,387
1,388
1,389
1,390
1,391
1,392
1,393
1,394
1,395
1,396
1,397
1,398
1,399
1,400
1,401
1,402
1,403
1,404
1,405
1,406
1,407
1,408
1,409
1,410
1,411
1,412
1,413
1,414
1,415
1,416
1,417
1,418
1,419
1,420
1,421
1,422
1,423
1,424
1,425
1,426
1,427
1,428
1,429
1,430
1,431
1,432
1,433
1,434
1,435
1,436
1,437
1,438
1,439
1,440
1,441
1,442
1,443
1,444
1,445
1,446
1,447
1,448
1,449
1,450
1,451
1,452
1,453
1,454
1,455
1,456
1,457
1,458
1,459
1,460
1,461
1,462
1,463
1,464
1,465
1,466
1,467
1,468
1,469
1,470
1,471
1,472
1,473
1,474
1,475
1,476
1,477
1,478
1,479
1,480
1,481
1,482
1,483
1,484
1,485
1,486
1,487
1,488
1,489
1,490
1,491
1,492
1,493
1,494
1,495
1,496
1,497
1,498
1,499
1,500
1,501
1,502
1,503
1,504
1,505
1,506
1,507
1,508
1,509
1,510
1,511
1,512
1,513
1,514
1,515
1,516
1,517
1,518
1,519
1,520
1,521
1,522
1,523
1,524
1,525
1,526
1,527
1,528
1,529
1,530
1,531
1,532
1,533
1,534
1,535
1,536
1,537
1,538
1,539
1,540
1,541
1,542
1,543
1,544
1,545
1,546
1,547
1,548
1,549
1,550
1,551
1,552
1,553
1,554
1,555
1,556
1,557
1,558
1,559
1,560
1,561
1,562
1,563
1,564
1,565
1,566
1,567
1,568
1,569
1,570
1,571
1,572
1,573
1,574
1,575
1,576
1,577
1,578
1,579
1,580
1,581
1,582
1,583
1,584
1,585
1,586
1,587
1,588
1,589
1,590
1,591
1,592
1,593
1,594
1,595
1,596
1,597
1,598
1,599
1,600
1,601
1,602
1,603
1,604
1,605
1,606
1,607
1,608
1,609
1,610
1,611
1,612
1,613
1,614
1,615
1,616
1,617
1,618
1,619
1,620
1,621
1,622
1,623
1,624
1,625
1,626
1,627
1,628
1,629
1,630
1,631
1,632
1,633
1,634
1,635
1,636
1,637
1,638
1,639
1,640
1,641
1,642
1,643
1,644
1,645
1,646
1,647
1,648
1,649
1,650
1,651
1,652
1,653
1,654
1,655
1,656
1,657
1,658
1,659
1,660
1,661
1,662
1,663
1,664
1,665
1,666
1,667
1,668
1,669
1,670
1,671
1,672
1,673
1,674
1,675
1,676
1,677
1,678
1,679
1,680
1,681
1,682
1,683
1,684
1,685
1,686
1,687
1,688
1,689
1,690
1,691
1,692
1,693
1,694
1,695
1,696
1,697
1,698
1,699
1,700
1,701
1,702
1,703
1,704
1,705
1,706
1,707
1,708
1,709
1,710
1,711
1,712
1,713
1,714
1,715
1,716
1,717
1,718
1,719
1,720
2,720
3,720
4,720
5,720
6,720
7,720
8,720
9,720
10,720
11,720
12,720
13,720
14,720
15,720
16,720
17,721
17,722
17,723
17,724
17,725
17,726
17,727
17,728
17,729
17,730
17,731
17,732
17,733
17,734
17,735
17,736
16,737
15,737
14,737
13,737
12,737
11,737
10,737
9,737
8,737
7,737
6,737
5,737
4,737
3,737
2,737
1,737
1,738
1,739
1,740
1,741
1,742
1,743
1,744
1,745
1,746
1,747
1,748
1,749
1,750
1,751
1,752
2,752
3,752
4,752
5,752
6,752
7,752
8,752
9,752
10,752
11,752
12,752
13,752
14,752
15,752
16,752
17,752
18,752
19,752
20,752
21,752
22,752
23,752
24,752
25,752
26,752
27,752
28,752
29,752
30,752
31,752
32,752
33,752
34,752
35,752
36,752
37,752
38,752
39,752
40,752
41,752
42,752
43,752
44,752
45,752
46,752
47,752
48,752
49,753
49,754
49,755
49,756
49,757
49,758
49,759
49,760
49,761
49,762
49,763
49,764
49,765
49,766
49,767
49,768
49,769
49,770
49,771
49,772
49,773
49,774
49,775
49,776
49,777
49,778
49,779
49,780
49,781
49,782
49,783
49,784
49,785
49,786
49,787
49,788
49,789
49,790
49,791
49,792
49,793
49,794
49,795
49,796
49,797
49,798
49,799
49,800
50,800
51,800
52,800
53,800
54,800
55,800
56,800
57,800
58,800
59,800
60,800
61,800
62,800
63,800
64,800
65,800
66,800
67,800
68,800
69,800
70,800
71,800
72,800
73,800
74,800
75,800
76,800
77,800
78,800
79,800
80,800
80,799
80,798
80,797
80,796
80,795
80,794
80,793
80,792
80,791
80,790
80,789
80,788
80,787
80,786
80,785
81,784
82,784
83,784
84,784
85,784
86,784
87,784
88,784
89,784
90,784
91,784
92,784
93,784
94,784
95,784
96,784
96,783
96,782
96,781
96,780
96,779
96,778
96,777
96,776
96,775
96,774
96,773
96,772
96,771
96,770
96,769
95,769
94,769
93,769
92,769
91,769
90,769
89,769
88,769
87,769
86,769
85,769
84,769
83,769
82,769
81,769
80,769
79,769
78,769
77,769
76,769
75,769
74,769
73,769
72,769
71,769
70,769
69,769
68,769
67,769
66,769
65,769
64,768
64,767
64,766
64,765
64,764
64,763
64,762
64,761
64,760
64,759
64,758
64,757
64,756
64,755
64,754
64,753
65,752
66,752
67,752
68,752
69,752
70,752
71,752
72,752
73,752
74,752
75,752
76,752
77,752
78,752
79,752
80,752
80,751
80,750
80,749
80,748
80,747
80,746
80,745
80,744
80,743
80,742
80,741
80,740
80,739
80,738
80,737
81,736
82,736
83,736
84,736
85,736
86,736
87,736
88,736
89,736
90,736
91,736
92,736
93,736
94,736
95,736
96,736
96,735
96,734
96,733
96,732
96,731
96,730
96,729
96,728
96,727
96,726
96,725
96,724
96,723
96,722
96,721
97,720
98,720
99,720
100,720
101,720
102,720
103,720
104,720
105,720
106,720
107,720
108,720
109,720
110,720
111,720
112,720
113,720
114,720
115,720
116,720
117,720
118,720
119,720
120,720
121,720
122,720
123,720
124,720
125,720
126,720
127,720
128,720
128,719
128,718
128,717
128,716
128,715
128,714
128,713
128,712
128,711
128,710
128,709
128,708
128,707
128,706
128,705
129,704
130,704
131,704
132,704
133,704
134,704
135,704
136,704
137,704
138,704
139,704
140,704
141,704
142,704
143,704
144,704
145,705
145,706
145,707
145,708
145,709
145,710
145,711
145,712
145,713
145,714
145,715
145,716
145,717
145,718
145,719
145,720
146,720
147,720
148,720
149,720
150,720
151,720
152,720
153,720
154,720
155,720
156,720
157,720
158,720
159,720
160,720
160,719
160,718
160,717
160,716
160,715
160,714
160,713
160,712
160,711
160,710
160,709
160,708
160,707
160,706
160,705
160,704
160,703
160,702
160,701
160,700
160,699
160,698
160,697
160,696
160,695
160,694
160,693
160,692
160,691
160,690
160,689
161,688
162,688
163,688
164,688
165,688
166,688
167,688
168,688
169,688
170,688
171,688
172,688
173,688
174,688
175,688
176,688
177,688
178,688
179,688
180,688
181,688
182,688
183,688
184,688
185,688
186,688
187,688
188,688
189,688
190,688
191,688
192,688
193,688
194,688
195,688
196,688
197,688
198,688
199,688
200,688
201,688
202,688
203,688
204,688
205,688
206,688
207,688
208,688
208,687
208,686
208,685
208,684
208,683
208,682
208,681
208,680
208,679
208,678
208,677
208,676
208,675
208,674
208,673
209,672
210,672
211,672
212,672
213,672
214,672
215,672
216,672
217,672
218,672
219,672
220,672
221,672
222,672
223,672
224,672
224,671
224,670
224,669
224,668
224,667
224,666
224,665
224,664
224,663
224,662
224,661
224,660
224,659
224,658
224,657
225,656
226,656
227,656
228,656
229,656
230,656
231,656
232,656
233,656
234,656
235,656
236,656
237,656
238,656
239,656
240,656
241,657
241,658
241,659
241,660
241,661
241,662
241,663
241,664
241,665
241,666
241,667
241,668
241,669
241,670
241,671
241,672
242,672
243,672
244,672
245,672
246,672
247,672
248,672
249,672
250,672
251,672
252,672
253,672
254,672
255,672
256,672
257,672
258,672
259,672
260,672
261,672
262,672
263,672
264,672
265,672
266,672
267,672
268,672
269,672
270,672
271,672
272,672
273,672
274,672
275,672
276,672
277,672
278,672
279,672
280,672
281,672
282,672
283,672
284,672
285,672
286,672
287,672
288,672
288,671
288,670
288,669
288,668
288,667
288,666
288,665
288,664
288,663
288,662
288,661
288,660
288,659
288,658
288,657
289,656
290,656
291,656
292,656
293,656
294,656
295,656
296,656
297,656
298,656
299,656
300,656
301,656
302,656
303,656
304,656
304,655
304,654
304,653
304,652
304,651
304,650
304,649
304,648
304,647
304,646
304,645
304,644
304,643
304,642
304,641
305,640
306,640
307,640
308,640
309,640
310,640
311,640
312,640
313,640
314,640
315,640
316,640
317,640
318,640
319,640
320,640
321,640
322,640
323,640
324,640
325,640
326,640
327,640
328,640
329,640
330,640
331,640
332,640
333,640
334,640
335,640
336,640
336,639
336,638
336,637
336,636
336,635
336,634
336,633
336,632
336,631
336,630
336,629
336,628
336,627
336,626
336,625
337,624
338,624
339,624
340,624
341,624
342,624
343,624
344,624
345,624
346,624
347,624
348,624
349,624
350,624
351,624
352,624
352,623
352,622
352,621
352,620
352,619
352,618
352,617
352,616
352,615
352,614
352,613
352,612
352,611
352,610
352,609
353,608
354,608
355,608
356,608
357,608
358,608
359,608
360,608
361,608
362,608
363,608
364,608
365,608
366,608
367,608
368,608
369,608
370,608
371,608
372,608
373,608
374,608
375,608
376,608
377,608
378,608
379,608
380,608
381,608
382,608
383,608
384,608
385,608
386,608
387,608
388,608
389,608
390,608
391,608
392,608
393,608
394,608
395,608
396,608
397,608
398,608
399,608
400,608
401,609
401,610
401,611
401,612
401,613
401,614
401,615
401,616
401,617
401,618
401,619
401,620
401,621
401,622
401,623
401,624
402,624
403,624
404,624
405,624
406,624
407,624
408,624
409,624
410,624
411,624
412,624
413,624
414,624
415,624
416,624
417,625
417,626
417,627
417,628
417,629
417,630
417,631
417,632
417,633
417,634
417,635
417,636
417,637
417,638
417,639
417,640
418,640
419,640
420,640
421,640
422,640
423,640
424,640
425,640
426,640
427,640
428,640
429,640
430,640
431,640
432,640
433,640
434,640
435,640
436,640
437,640
438,640
439,640
440,640
441,640
442,640
443,640
444,640
445,640
446,640
447,640
448,640
449,640
450,640
451,640
452,640
453,640
454,640
455,640
456,640
457,640
458,640
459,640
460,640
461,640
462,640
463,640
464,640
464,639
464,638
464,637
464,636
464,635
464,634
464,633
464,632
464,631
464,630
464,629
464,628
464,627
464,626
464,625
463,625
462,625
461,625
460,625
459,625
458,625
457,625
456,625
455,625
454,625
453,625
452,625
451,625
450,625
449,625
448,624
448,623
448,622
448,621
448,620
448,619
448,618
448,617
448,616
448,615
448,614
448,613
448,612
448,611
448,610
448,609
447,609
446,609
445,609
444,609
443,609
442,609
441,609
440,609
439,609
438,609
437,609
436,609
435,609
434,609
433,609
432,608
432,607
432,606
432,605
432,604
432,603
432,602
432,601
432,600
432,599
432,598
432,597
432,596
432,595
432,594
432,593
431,593
430,593
429,593
428,593
427,593
426,593
425,593
424,593
423,593
422,593
421,593
420,593
419,593
418,593
417,593
416,593
415,593
414,593
413,593
412,593
411,593
410,593
409,593
408,593
407,593
406,593
405,593
404,593
403,593
402,593
401,593
400,592
400,591
400,590
400,589
400,588
400,587
400,586
400,585
400,584
400,583
400,582
400,581
400,580
400,579
400,578
400,577
400,576
400,575
400,574
400,573
400,572
400,571
400,570
400,569
400,568
400,567
400,566
400,565
400,564
400,563
400,562
400,561
400,560
400,559
400,558
400,557
400,556
400,555
400,554
400,553
400,552
400,551
400,550
400,549
400,548
400,547
400,546
400,545
399,545
398,545
397,545
396,545
395,545
394,545
393,545
392,545
391,545
390,545
389,545
388,545
387,545
386,545
385,545
384,544
384,543
384,542
384,541
384,540
384,539
384,538
384,537
384,536
384,535
384,534
384,533
384,532
384,531
384,530
384,529
385,528
386,528
387,528
388,528
389,528
390,528
391,528
392,528
393,528
394,528
395,528
396,528
397,528
398,528
399,528
400,528
400,527
400,526
400,525
400,524
400,523
400,522
400,521
400,520
400,519
400,518
400,517
400,516
400,515
400,514
400,513
399,513
398,513
397,513
396,513
395,513
394,513
393,513
392,513
391,513
390,513
389,513
388,513
387,513
386,513
385,513
384,512
384,511
384,510
384,509
384,508
384,507
384,506
384,505
384,504
384,503
384,502
384,501
384,500
384,499
384,498
384,497
385,496
386,496
387,496
388,496
389,496
390,496
391,496
392,496
393,496
394,496
395,496
396,496
397,496
398,496
399,496
400,496
400,495
400,494
400,493
400,492
400,491
400,490
400,489
400,488
400,487
400,486
400,485
400,484
400,483
400,482
400,481
401,480
402,480
403,480
404,480
405,480
406,480
407,480
408,480
409,480
410,480
411,480
412,480
413,480
414,480
415,480
416,480
416,479
416,478
416,477
416,476
416,475
416,474
416,473
416,472
416,471
416,470
416,469
416,468
416,467
416,466
416,465
416,464
416,463
416,462
416,461
416,460
416,459
416,458
416,457
416,456
416,455
416,454
416,453
416,452
416,451
416,450
416,449
416,448
416,447
416,446
416,445
416,444
416,443
416,442
416,441
416,440
416,439
416,438
416,437
416,436
416,435
416,434
416,433
416,432
416,431
416,430
416,429
416,428
416,427
416,426
416,425
416,424
416,423
416,422
416,421
416,420
416,419
416,418
416,417
416,416
416,415
416,414
416,413
416,412
416,411
416,410
416,409
416,408
416,407
416,406
416,405
416,404
416,403
416,402
416,401
417,400
418,400
419,400
420,400
421,400
422,400
423,400
424,400
425,400
426,400
427,400
428,400
429,400
430,400
431,400
432,400
432,399
432,398
432,397
432,396
432,395
432,394
432,393
432,392
432,391
432,390
432,389
432,388
432,387
432,386
432,385
432,384
432,383
432,382
432,381
432,380
432,379
432,378
432,377
432,376
432,375
432,374
432,373
432,372
432,371
432,370
432,369
433,368
434,368
435,368
436,368
437,368
438,368
439,368
440,368
441,368
442,368
443,368
444,368
445,368
446,368
447,368
448,368
449,368
450,368
451,368
452,368
453,368
454,368
455,368
456,368
457,368
458,368
459,368
460,368
461,368
462,368
463,368
464,368
465,368
466,368
467,368
468,368
469,368
470,368
471,368
472,368
473,368
474,368
475,368
476,368
477,368
478,368
479,368
480,368
481,368
482,368
483,368
484,368
485,368
486,368
487,368
488,368
489,368
490,368
491,368
492,368
493,368
494,368
495,368
495,367
495,366
495,365
495,364
495,363
495,362
495,361
495,360
495,359
495,358
495,357
495,356
495,355
495,354
495,353
495,352
495,351
495,350
495,349
495,348
495,347
495,346
495,345
495,344
495,343
495,342
495,341
495,340
495,339
495,338
495,337
495,336
495,335
495,334
495,333
495,332
495,331
495,330
495,329
495,328
495,327
495,326
495,325
495,324
495,323
495,322
495,321
495,320
495,319
495,318
495,317
495,316
495,315
495,314
495,313
495,312
495,311
495,310
495,309
495,308
495,307
495,306
495,305
495,304
495,303
495,302
495,301
495,300
495,299
495,298
495,297
495,296
495,295
495,294
495,293
495,292
495,291
495,290
495,289
494,289
493,289
492,289
491,289
490,289
489,289
488,289
487,289
486,289
485,289
484,289
483,289
482,289
481,289
480,289
479,289
478,289
477,289
476,289
475,289
474,289
473,289
472,289
471,289
470,289
469,289
468,289
467,289
466,289
465,289
464,289
463,289
462,289
461,289
460,289
459,289
458,289
457,289
456,289
455,289
454,289
453,289
452,289
451,289
450,289
449,289
448,288
448,287
448,286
448,285
448,284
448,283
448,282
448,281
448,280
448,279
448,278
448,277
448,276
448,275
448,274
448,273
447,273
446,273
445,273
444,273
443,273
442,273
441,273
440,273
439,273
438,273
437,273
436,273
435,273
434,273
433,273
432,272
432,271
432,270
432,269
432,268
432,267
432,266
432,265
432,264
432,263
432,262
432,261
432,260
432,259
432,258
432,257
431,257
430,257
429,257
428,257
427,257
426,257
425,257
424,257
423,257
422,257
421,257
420,257
419,257
418,257
417,257
416,256
416,255
416,254
416,253
416,252
416,251
416,250
416,249
416,248
416,247
416,246
416,245
416,244
416,243
416,242
416,241
416,240
416,239
416,238
416,237
416,236
416,235
416,234
416,233
416,232
416,231
416,230
416,229
416,228
416,227
416,226
416,225
416,224
416,223
416,222
416,221
416,220
416,219
416,218
416,217
416,216
416,215
416,214
416,213
416,212
416,211
416,210
416,209
416,208
416,207
416,206
416,205
416,204
416,203
416,202
416,201
416,200
416,199
416,198
416,197
416,196
416,195
416,194
416,193
416,192
416,191
416,190
416,189
416,188
416,187
416,186
416,185
416,184
416,183
416,182
416,181
416,180
416,179
416,178
416,177
417,176
418,176
419,176
420,176
421,176
422,176
423,176
424,176
425,176
426,176
427,176
428,176
429,176
430,176
431,176
432,176
433,176
434,176
435,176
436,176
437,176
438,176
439,176
440,176
441,176
442,176
443,176
444,176
445,176
446,176
447,176
448,176
449,176
450,176
451,176
452,176
453,176
454,176
455,176
456,176
457,176
458,176
459,176
460,176
461,176
462,176
463,176
464,176
465,176
466,176
467,176
468,176
469,176
470,176
471,176
472,176
473,176
474,176
475,176
476,176
477,176
478,176
479,176
480,176
481,177
481,178
481,179
481,180
481,181
481,182
481,183
481,184
481,185
481,186
481,187
481,188
481,189
481,190
481,191
481,192
482,192
483,192
484,192
485,192
486,192
487,192
488,192
489,192
490,192
491,192
492,192
493,192
494,192
495,192
495,191
495,190
495,189
495,188
495,187
495,186
495,185
495,184
495,183
495,182
495,181
495,180
495,179
495,178
495,177
495,176
495,175
495,174
495,173
495,172
495,171
495,170
495,169
495,168
495,167
495,166
495,165
495,164
495,163
495,162
495,161
494,161
493,161
492,161
491,161
490,161
489,161
488,161
487,161
486,161
485,161
484,161
483,161
482,161
481,161
480,160
480,159
480,158
480,157
480,156
480,155
480,154
480,153
480,152
480,151
480,150
480,149
480,148
480,147
480,146
480,145
479,145
478,145
477,145
476,145
475,145
474,145
473,145
472,145
471,145
470,145
469,145
468,145
467,145
466,145
465,145
464,144
464,143
464,142
464,141
464,140
464,139
464,138
464,137
464,136
464,135
464,134
464,133
464,132
464,131
464,130
464,129
463,129
462,129
461,129
460,129
459,129
458,129
457,129
456,129
455,129
454,129
453,129
452,129
451,129
450,129
449,129
448,128
448,127
448,126
448,125
448,124
448,123
448,122
448,121
448,120
448,119
448,118
448,117
448,116
448,115
448,114
448,113
448,112
448,111
448,110
448,109
448,108
448,107
448,106
448,105
448,104
448,103
448,102
448,101
448,100
448,99
448,98
448,97
448,96
448,95
448,94
448,93
448,92
448,91
448,90
448,89
448,88
448,87
448,86
448,85
448,84
448,83
448,82
448,81
449,80
450,80
451,80
452,80
453,80
454,80
455,80
456,80
457,80
458,80
459,80
460,80
461,80
462,80
463,80
464,80
464,79
464,78
464,77
464,76
464,75
464,74
464,73
464,72
464,71
464,70
464,69
464,68
464,67
464,66
464,65
463,65
462,65
461,65
460,65
459,65
458,65
457,65
456,65
455,65
454,65
453,65
452,65
451,65
450,65
449,65
448,64
448,63
448,62
448,61
448,60
448,59
448,58
448,57
448,56
448,55
448,54
448,53
448,52
448,51
448,50
448,49
447,49
446,49
445,49
444,49
443,49
442,49
441,49
440,49
439,49
438,49
437,49
436,49
435,49
434,49
433,49
432,49
431,49
430,49
429,49
428,49
427,49
426,49
425,49
424,49
423,49
422,49
421,49
420,49
419,49
418,49
417,49
417,50
417,51
417,52
417,53
417,54
417,55
417,56
417,57
417,58
417,59
417,60
417,61
417,62
417,63
417,64
416,65
415,65
414,65
413,65
412,65
411,65
410,65
409,65
408,65
407,65
406,65
405,65
404,65
403,65
402,65
401,65
400,65
399,65
398,65
397,65
396,65
395,65
394,65
393,65
392,65
391,65
390,65
389,65
388,65
387,65
386,65
385,65
384,65
383,65
382,65
381,65
380,65
379,65
378,65
377,65
376,65
375,65
374,65
373,65
372,65
371,65
370,65
369,65
369,66
369,67
369,68
369,69
369,70
369,71
369,72
369,73
369,74
369,75
369,76
369,77
369,78
369,79
369,80
369,81
369,82
369,83
369,84
369,85
369,86
369,87
369,88
369,89
369,90
369,91
369,92
369,93
369,94
369,95
369,96
370,96
371,96
372,96
373,96
374,96
375,96
376,96
377,96
378,96
379,96
380,96
381,96
382,96
383,96
384,96
385,97
385,98
385,99
385,100
385,101
385,102
385,103
385,104
385,105
385,106
385,107
385,108
385,109
385,110
385,111
385,112
385,113
385,114
385,115
385,116
385,117
385,118
385,119
385,120
385,121
385,122
385,123
385,124
385,125
385,126
385,127
385,128
385,129
385,130
385,131
385,132
385,133
385,134
385,135
385,136
385,137
385,138
385,139
385,140
385,141
385,142
385,143
385,144
384,145
383,145
382,145
381,145
380,145
379,145
378,145
377,145
376,145
375,145
374,145
373,145
372,145
371,145
370,145
369,145
368,144
368,143
368,142
368,141
368,140
368,139
368,138
368,137
368,136
368,135
368,134
368,133
368,132
368,131
368,130
368,129
367,129
366,129
365,129
364,129
363,129
362,129
361,129
360,129
359,129
358,129
357,129
356,129
355,129
354,129
353,129
352,128
352,127
352,126
352,125
352,124
352,123
352,122
352,121
352,120
352,119
352,118
352,117
352,116
352,115
352,114
352,113
352,112
352,111
352,110
352,109
352,108
352,107
352,106
352,105
352,104
352,103
352,102
352,101
352,100
352,99
352,98
352,97
352,96
352,95
352,94
352,93
352,92
352,91
352,90
352,89
352,88
352,87
352,86
352,85
352,84
352,83
352,82
352,81
351,81
350,81
349,81
348,81
347,81
346,81
345,81
344,81
343,81
342,81
341,81
340,81
339,81
338,81
337,81
336,81
335,81
334,81
333,81
332,81
331,81
330,81
329,81
328,81
327,81
326,81
325,81
324,81
323,81
322,81
321,81
320,81
319,81
318,81
317,81
316,81
315,81
314,81
313,81
312,81
311,81
310,81
309,81
308,81
307,81
306,81
305,81
304,80
304,79
304,78
304,77
304,76
304,75
304,74
304,73
304,72
304,71
304,70
304,69
304,68
304,67
304,66
304,65
303,65
302,65
301,65
300,65
299,65
298,65
297,65
296,65
295,65
294,65
293,65
292,65
291,65
290,65
289,65
288,64
288,63
288,62
288,61
288,60
288,59
288,58
288,57
288,56
288,55
288,54
288,53
288,52
288,51
288,50
288,49
287,49
286,49
285,49
284,49
283,49
282,49
281,49
280,49
279,49
278,49
277,49
276,49
275,49
274,49
273,49
272,48
272,47
272,46
272,45
272,44
272,43
272,42
272,41
272,40
272,39
272,38
272,37
272,36
272,35
272,34
272,33
271,33
270,33
269,33
268,33
267,33
266,33
265,33
264,33
263,33
262,33
261,33
260,33
259,33
258,33
257,33
256,33
255,33
254,33
253,33
252,33
251,33
250,33
249,33
248,33
247,33
246,33
245,33
244,33
243,33
242,33
241,33
240,33
239,33
238,33
237,33
236,33
235,33
234,33
233,33
232,33
231,33
230,33
229,33
228,33
227,33
226,33
225,33
224,32
224,31
224,30
224,29
224,28
224,27
224,26
224,25
224,24
224,23
224,22
224,21
224,20
224,19
224,18
224,17
223,17
222,17
221,17
220,17
219,17
218,17
217,17
216,17
215,17
214,17
213,17
212,17
211,17
210,17
209,17
208,17
207,17
206,17
205,17
204,17
203,17
202,17
201,17
200,17
199,17
198,17
197,17
196,17
195,17
194,17
193,17
192,17
191,17
190,17
189,17
188,17
187,17
186,17
185,17
184,17
183,17
182,17
181,17
180,17
179,17
178,17
177,17
176,17
175,17
174,17
173,17
172,17
171,17
170,17
169,17
168,17
167,17
166,17
165,17
164,17
163,17
162,17
161,17
160,17
159,17
158,17
157,17
156,17
155,17
154,17
153,17
152,17
151,17
150,17
149,17
148,17
147,17
146,17
145,17
144,17
143,17
142,17
141,17
140,17
139,17
138,17
137,17
136,17
135,17
134,17
133,17
132,17
131,17
130,17
129,17
465,257
465,258
465,259
465,260
465,261
465,262
465,263
465,264
465,265
465,266
465,267
465,268
465,269
465,270
465,271
465,272
466,272
467,272
468,272
469,272
470,272
471,272
472,272
473,272
474,272
475,272
476,272
477,272
478,272
479,272
480,272
480,271
480,270
480,269
480,268
480,267
480,266
480,265
480,264
480,263
480,262
480,261
480,260
480,259
480,258
480,257
479,257
478,257
477,257
476,257
475,257
474,257
473,257
472,257
471,257
470,257
469,257
468,257
467,257
466,257
465,257
17,65
17,66
17,67
17,68
17,69
17,70
17,71
17,72
17,73
17,74
17,75
17,76
17,77
17,78
17,79
17,80
18,80
19,80
20,80
21,80
22,80
23,80
24,80
25,80
26,80
27,80
28,80
29,80
30,80
31,80
32,80
32,79
32,78
32,77
32,76
32,75
32,74
32,73
32,72
32,71
32,70
32,69
32,68
32,67
32,66
32,65
31,65
30,65
29,65
28,65
27,65
26,65
25,65
24,65
23,65
22,65
21,65
20,65
19,65
18,65
17,65
81,449
81,450
81,451
81,452
81,453
81,454
81,455
81,456
81,457
81,458
81,459
81,460
81,461
81,462
81,463
81,464
81,465
80,465
79,465
78,465
77,465
76,465
75,465
74,465
73,465
72,465
71,465
70,465
69,465
68,465
67,465
66,465
65,465
65,466
65,467
65,468
65,469
65,470
65,471
65,472
65,473
65,474
65,475
65,476
65,477
65,478
65,479
65,480
65,481
65,482
65,483
65,484
65,485
65,486
65,487
65,488
65,489
65,490
65,491
65,492
65,493
65,494
65,495
65,496
65,497
65,498
65,499
65,500
65,501
65,502
65,503
65,504
65,505
65,506
65,507
65,508
65,509
65,510
65,511
65,512
66,512
67,512
68,512
69,512
70,512
71,512
72,512
73,512
74,512
75,512
76,512
77,512
78,512
79,512
80,512
81,512
81,513
81,514
81,515
81,516
81,517
81,518
81,519
81,520
81,521
81,522
81,523
81,524
81,525
81,526
81,527
81,528
82,528
83,528
84,528
85,528
86,528
87,528
88,528
89,528
90,528
91,528
92,528
93,528
94,528
95,528
96,528
96,527
96,526
96,525
96,524
96,523
96,522
96,521
96,520
96,519
96,518
96,517
96,516
96,515
96,514
96,513
96,512
97,512
98,512
99,512
100,512
101,512
102,512
103,512
104,512
105,512
106,512
107,512
108,512
109,512
110,512
111,512
112,512
113,512
113,513
113,514
113,515
113,516
113,517
113,518
113,519
113,520
113,521
113,522
113,523
113,524
113,525
113,526
113,527
113,528
114,528
115,528
116,528
117,528
118,528
119,528
120,528
121,528
122,528
123,528
124,528
125,528
126,528
127,528
128,528
128,527
128,526
128,525
128,524
128,523
128,522
128,521
128,520
128,519
128,518
128,517
128,516
128,515
128,514
128,513
128,512
129,512
130,512
131,512
132,512
133,512
134,512
135,512
136,512
137,512
138,512
139,512
140,512
141,512
142,512
143,512
144,512
145,512
146,512
147,512
148,512
149,512
150,512
151,512
152,512
153,512
154,512
155,512
156,512
157,512
158,512
159,512
160,512
161,512
162,512
163,512
164,512
165,512
166,512
167,512
168,512
169,512
170,512
171,512
172,512
173,512
174,512
175,512
176,512
177,512
178,512
179,512
180,512
181,512
182,512
183,512
184,512
185,512
186,512
187,512
188,512
189,512
190,512
191,512
192,512
192,511
192,510
192,509
192,508
192,507
192,506
192,505
192,504
192,503
192,502
192,501
192,500
192,499
192,498
192,497
191,497
190,497
189,497
188,497
187,497
186,497
185,497
184,497
183,497
182,497
181,497
180,497
179,497
178,497
177,497
176,497
175,497
174,497
173,497
172,497
171,497
170,497
169,497
168,497
167,497
166,497
165,497
164,497
163,497
162,497
161,497
160,497
159,497
158,497
157,497
156,497
155,497
154,497
153,497
152,497
151,497
150,497
149,497
148,497
147,497
146,497
145,497
144,497
143,497
142,497
141,497
140,497
139,497
138,497
137,497
136,497
135,497
134,497
133,497
132,497
131,497
130,497
129,497
128,497
127,497
126,497
125,497
124,497
123,497
122,497
121,497
120,497
119,497
118,497
117,497
116,497
115,497
114,497
113,497
112,497
111,497
110,497
109,497
108,497
107,497
106,497
105,497
104,497
103,497
102,497
101,497
100,497
99,497
98,497
97,497
96,497
96,496
96,495
96,494
96,493
96,492
96,491
96,490
96,489
96,488
96,487
96,486
96,485
96,484
96,483
96,482
96,481
96,480
96,479
96,478
96,477
96,476
96,475
96,474
96,473
96,472
96,471
96,470
96,469
96,468
96,467
96,466
96,465
96,464
97,464
98,464
99,464
100,464
101,464
102,464
103,464
104,464
105,464
106,464
107,464
108,464
109,464
110,464
111,464
112,464
112,463
112,462
112,461
112,460
112,459
112,458
112,457
112,456
112,455
112,454
112,453
112,452
112,451
112,450
112,449
111,449
110,449
109,449
108,449
107,449
106,449
105,449
104,449
103,449
102,449
101,449
100,449
99,449
98,449
97,449
96,449
95,449
94,449
93,449
92,449
91,449
90,449
89,449
88,449
87,449
86,449
85,449
84,449
83,449
82,449
81,449
113,545
113,546
113,547
113,548
113,549
113,550
113,551
113,552
113,553
113,554
113,555
113,556
113,557
113,558
113,559
113,560
113,561
113,562
113,563
113,564
113,565
113,566
113,567
113,568
113,569
113,570
113,571
113,572
113,573
113,574
113,575
113,576
113,577
113,578
113,579
113,580
113,581
113,582
113,583
113,584
113,585
113,586
113,587
113,588
113,589
113,590
113,591
113,592
114,592
115,592
116,592
117,592
118,592
119,592
120,592
121,592
122,592
123,592
124,592
125,592
126,592
127,592
128,592
128,591
128,590
128,589
128,588
128,587
128,586
128,585
128,584
128,583
128,582
128,581
128,580
128,579
128,578
128,577
128,576
129,576
130,576
131,576
132,576
133,576
134,576
135,576
136,576
137,576
138,576
139,576
140,576
141,576
142,576
143,576
144,576
145,576
146,576
147,576
148,576
149,576
150,576
151,576
152,576
153,576
154,576
155,576
156,576
157,576
158,576
159,576
160,576
160,575
160,574
160,573
160,572
160,571
160,570
160,569
160,568
160,567
160,566
160,565
160,564
160,563
160,562
160,561
159,561
158,561
157,561
156,561
155,561
154,561
153,561
152,561
151,561
150,561
149,561
148,561
147,561
146,561
145,561
144,561
144,560
144,559
144,558
144,557
144,556
144,555
144,554
144,553
144,552
144,551
144,550
144,549
144,548
144,547
144,546
144,545
143,545
142,545
141,545
140,545
139,545
138,545
137,545
136,545
135,545
134,545
133,545
132,545
131,545
130,545
129,545
128,545
127,545
126,545
125,545
124,545
123,545
122,545
121,545
120,545
119,545
118,545
117,545
116,545
115,545
114,545
113,545
177,561
177,562
177,563
177,564
177,565
177,566
177,567
177,568
177,569
177,570
177,571
177,572
177,573
177,574
177,575
177,576
178,576
179,576
180,576
181,576
182,576
183,576
184,576
185,576
186,576
187,576
188,576
189,576
190,576
191,576
192,576
192,575
192,574
192,573
192,572
192,571
192,570
192,569
192,568
192,567
192,566
192,565
192,564
192,563
192,562
192,561
191,561
190,561
189,561
188,561
187,561
186,561
185,561
184,561
183,561
182,561
181,561
180,561
179,561
178,561
177,561
161,577
161,578
161,579
161,580
161,581
161,582
161,583
161,584
161,585
161,586
161,587
161,588
161,589
161,590
161,591
161,592
161,593
161,594
161,595
161,596
161,597
161,598
161,599
161,600
161,601
161,602
161,603
161,604
161,605
161,606
161,607
161,608
162,608
163,608
164,608
165,608
166,608
167,608
168,608
169,608
170,608
171,608
172,608
173,608
174,608
175,608
176,608
176,607
176,606
176,605
176,604
176,603
176,602
176,601
176,600
176,599
176,598
176,597
176,596
176,595
176,594
176,593
176,592
176,591
176,590
176,589
176,588
176,587
176,586
176,585
176,584
176,583
176,582
176,581
176,580
176,579
176,578
176,577
175,577
174,577
173,577
172,577
171,577
170,577
169,577
168,577
167,577
166,577
165,577
164,577
163,577
162,577
161,577
129,609
129,610
129,611
129,612
129,613
129,614
129,615
129,616
129,617
129,618
129,619
129,620
129,621
129,622
129,623
129,624
129,625
129,626
129,627
129,628
129,629
129,630
129,631
129,632
129,633
129,634
129,635
129,636
129,637
129,638
129,639
129,640
130,640
131,640
132,640
133,640
134,640
135,640
136,640
137,640
138,640
139,640
140,640
141,640
142,640
143,640
144,640
144,639
144,638
144,637
144,636
144,635
144,634
144,633
144,632
144,631
144,630
144,629
144,628
144,627
144,626
144,625
144,624
144,623
144,622
144,621
144,620
144,619
144,618
144,617
144,616
144,615
144,614
144,613
144,612
144,611
144,610
144,609
143,609
142,609
141,609
140,609
139,609
138,609
137,609
136,609
135,609
134,609
133,609
132,609
131,609
130,609
129,609
17,705
17,706
17,707
17,708
17,709
17,710
17,711
17,712
17,713
17,714
17,715
17,716
17,717
17,718
17,719
17,720
18,720
19,720
20,720
21,720
22,720
23,720
24,720
25,720
26,720
27,720
28,720
29,720
30,720
31,720
32,720
32,719
32,718
32,717
32,716
32,715
32,714
32,713
32,712
32,711
32,710
32,709
32,708
32,707
32,706
32,705
31,705
30,705
29,705
28,705
27,705
26,705
25,705
24,705
23,705
22,705
21,705
20,705
19,705
18,705
17,705
